0.06909377601796939 -6.745666381521109e-11 2.0189324291272013e-09;
0.1458669788770235 -3.034674332334128e-10 3.7117503900699042e-09;
0.22264062038250584 -5.97338713627418e-10 3.6265039124653966e-09;
0.29941442218580483 -8.031507634140038e-10 1.652964433442964e-09;
0.37618829965481615 -7.986579486987317e-10 -1.5695185891691685e-09;
0.45296203121441636 -5.338434788881108e-10 -4.910869490284501e-09;
0.5297358134570384 -5.0805942125065224e-11 -7.1877807429004345e-09;
0.6065097285976925 5.329213357989511e-10 -7.645825904306931e-09;
0.6832835124119343 1.070994755910594e-09 -6.241018374358554e-09;
0.7600572448356432 1.4457825243304907e-09 -3.6548435429726636e-09;
0.8368311238375086 1.6145980483894587e-09 -1.094373482653075e-09;
0.9136049307924672 1.6283243158768167e-09 3.2836103627809445e-10;
0.9903786195435742 1.6087160730946236e-09 -1.032590366414246e-10;
1.0671524525707536 1.7022606714009377e-09 -2.3655264547905664e-09;
1.1439263144706417 2.021360934113709e-09 -5.700137854009527e-09;
1.2207000333709486 2.600025661417257e-09 -8.93130311943216e-09;
1.2974738443386042 3.3803434362161987e-09 -1.0919202738171591e-08;
1.374247755358835 4.235624706830185e-09 -1.1024498065509267e-08;
1.45102151325581 5.020403422099741e-09 -9.340295659306103e-09;
1.4981935426127302 5.343226552508549e-09 -5.617740445885487e-10;
1.4999618156939687 5.343668073582113e-09 -1.0867811367116164e-10;
1.4999991928041405 5.3436721444734925e-09 -1.1007906710402534e-10;
1.4999999831918167 5.343672231635623e-09 -1.1056342040227263e-10;
1.4999999999297668 5.343672233487053e-09 -1.1068184419156348e-10;
1.500000000286231 5.34367223352649e-09 -1.1049769519921235e-10;
1.5000000002935279 5.343672233527297e-09 -1.1047578679819308e-10;
1.5000000002936156 5.343672233527307e-09 -1.1046927348978195e-10;
1.5000000002935987 5.343672233527307e-09 -1.1046631289504962e-10;
1.50000000746387 6.205497199947671e-09 -0.17064197732007003;
1.5000000237923476 1.1139043926008897e-08 -0.3839663105716392;
1.5000000391532373 1.951024813815777e-08 -0.597293071958213;
1.5000000515922836 3.0299914666919635e-08 -0.810619888047447;
1.5000000617220155 4.3848236543572706e-08 -1.0239467412951972;
1.5000000689635682 5.965588269648042e-08 -1.2372738192670591;
1.50000007258573 7.606500656849814e-08 -1.4506013726337632;
1.5002791758520746 0.03730977782219018 -1.5633157961469097;
1.5008536888634407 0.11410764683404258 -1.5633154752484568;
1.5014282254539504 0.1909054994001582 -1.563315181402864;
1.502002783603498 0.2677033477380425 -1.563314915152303;
1.5025773589613385 0.34450120092719344 -1.5633147382546653;
1.503151941698858 0.4212990529043674 -1.5633147142242498;
1.5037265192748948 0.49809689998994333 -1.5633148515510271;
1.5043010812729074 0.5748947510520608 -1.5633150966243374;
1.5048756233182574 0.6516926042479567 -1.563315352690104;
1.5054501489104555 0.728490452409327 -1.5633155184413876;
1.5060246680984388 0.8052883025533241 -1.563315529179942;
1.5065991934128893 0.8820861571375214 -1.5633153805933162;
1.5071737348583467 0.9588840072243083 -1.5633151323645693;
1.5077482960849269 1.035681855935901 -1.5633148827543857;
1.5083228729540146 1.1124797096337111 -1.5633147305787614;
1.508897454995806 1.1892775606543382 -1.563314736845998;
1.5094720297156021 1.2660754077653227 -1.5633148990333314;
1.5100465875415094 1.342873259726302 -1.5633151539285806;
1.5106211254575461 1.4196711123440087 -1.563315400669556;
1.5111956483282565 1.4964689601209955 -1.5633155418744193;
1.5111956364538204 1.496469386755456 -1.7766238751768495;
1.5111956310982564 1.4964694017655509 -1.9899490264917565;
1.5111956213591977 1.4964694182468241 -2.2032758178125;
1.5111956098791108 1.4964694306250057 -2.4166025864686365;
1.5111955973525237 1.4964694393623266 -2.629929431436606;
1.5111955837630262 1.4964694450144977 -2.843256595068602;
1.5111955686029797 1.4964694477699896 -3.056584282864145;
1.466209518502524 1.4961817930221097 -3.1479869017997144;
1.3894110779398456 1.4956907210539445 -3.1479868850311505;
1.3126126453765847 1.4951996368390215 -3.1479871630132075;
1.2358142133153145 1.4947085268064595 -3.1479875150405734;
1.159015786696136 1.4942173932160079 -3.1479877641713734;
1.0822173574333271 1.4937262488518521 -3.147987805139691;
1.005418924734348 1.4932351111030107 -3.1479876188416775;
0.9286204969053329 1.4927439949271688 -3.1479872780309295;
0.8518220689260804 1.4922529067767716 -3.1479869154385094;
0.7750236357824356 1.491761842188788 -3.147986672829533;
0.6982252059031542 1.491270787522051 -3.1479866452651493;
0.6214267788392263 1.490779725300223 -3.1479868414645544;
0.5446283467479965 1.4902886411029819 -3.1479871830552337;
0.46782991555889164 1.4897975293792345 -3.1479875327782643;
0.3910314891994778 1.4893063956226196 -3.147987750745179;
0.3142330589798839 1.4888152540439852 -3.147987749705103;
0.23743462661961087 1.4883241221448633 -3.147987528016605;
0.1606361994311166 1.4878330137263975 -3.1479871725809203;
0.08383777056406258 1.4873419333406819 -3.147986821678954;
0.014718958668007603 1.4868999737540494 -3.169318341636761;
0.014718747013313669 1.4868999613389182 -3.382627154994306;
0.01471872922567432 1.4868999544924317 -3.5959526941067637;
0.014718713421611802 1.4868999443815256 -3.8092794999211073;
0.014718701300577817 1.4868999322773773 -4.022606329783001;
0.014718691849295617 1.486899917592384 -4.235933229853147;
0.01471868566904059 1.486899901154978 -4.449260411650938;
0.014718683230265912 1.4868998846799542 -4.662588135131776;
0.015785243597313696 1.4342405143778818 -4.732640158964938;
0.017340416258589997 1.357456247522249 -4.732639881927287;
0.01889556787595865 1.28067199557869 -4.732639612306421;
0.020450698637221508 1.2038877447377814 -4.7326393471270505;
0.02200581196677189 1.1271034883211226 -4.7326391620173665;
0.023560917120455147 1.0503192342409506 -4.732639128226985;
0.02511602675082834 0.9735349832470306 -4.732639260506812;
0.02667115205877489 0.8967507274534405 -4.73263950932217;
0.028226298011355108 0.819966472159215 -4.73263977830548;
0.029781461567644992 0.743182222298105 -4.732639963512975;
0.03133663317922391 0.6663979694719684 -4.732639994629048;
0.032891800127471664 0.5896137141798921 -4.732639861276815;
0.03444695160874041 0.5128294639021281 -4.732639619183181;
0.03600208337590153 0.4360452123600744 -4.73263936613475;
0.03755719909495875 0.3592609557139819 -4.732639204690411;
0.03911230879355349 0.28247670260839053 -4.7326392015757826;
0.040667425236929504 0.2056924513213333 -4.732639360090009;
0.04222255880947032 0.12890819501684034 -4.732639620442198;
0.04377771306557143 0.05212394075135961 -4.732639881556504;
0.04502186670711913 -0.009303820753957187 -4.7753003097329385;
0.045021872534799647 -0.009303885210548922 -4.988612873120814;
0.04502187996774541 -0.009303902754342001 -5.201938797324305;
0.045021890619122505 -0.009303918188915244 -5.41526559207429;
0.0450219025623133 -0.00930392937636699 -5.628592352516843;
0.04502191532187195 -0.009303936996465834 -5.841919249415;
