-2.301044233331842 1.314885709989276e-08
-2.2903640214178473 6.0784973115012676e-05
-2.277889953240339 0.0003918120268756151
-2.266777583229665 0.0004235382073924184
-2.2552626846731227 0.0004451640343824052
-2.2438237160142602 0.00046379387345213695
-2.2323730087844584 0.0004813178891469302
-2.2204084508171245 0.0004989309751472201
-2.20840569199141 0.0005162027367434029
-2.196454871246298 0.0005331175053065431
-2.184585310032016 0.00054970381006844
-2.1727938327441128 0.00056601552498687
-2.1610882323247345 0.0005820803492884272
-2.1494759043906235 0.0005979179621423353
-2.137878765534033 0.0006136549100924033
-2.126344002346852 0.0006292459157692892
-2.114800456195388 0.0006447993851155286
-2.1033082272556527 0.0006602456686310321
-2.0918381519942195 0.0006756318714298357
-2.0803401430906074 0.0006910307711173033
-2.0688817489708984 0.0007063570658370526
-2.0574026167016606 0.0007216950444036493
-2.0455218248767086 0.0004071177065658869
-2.033945264450964 0.0007261695299688103
-2.0224844595620453 0.0007506722585224466
-2.011030934640559 0.0007682675521558944
-1.9996154987216956 0.00045383002772297237
-1.988196935088692 0.000773400717930912
-1.9767632469931935 0.0007981679175502892
-1.965373324205067 0.0004853990156618637
-1.9539460286856798 0.000805531579370692
-1.9413584188167485 0.0005015992395018995
-1.9296925651979349 0.0008232410993601724
-1.9184524579339182 0.0005181074841163623
-1.9070409184942334 0.0008401720831178301
-1.8955614472284732 0.0005355241037287132
-1.884153917345365 0.0008576874151147178
-1.871900690579841 0.0005541552836132119
-1.8602981870247772 0.0008762726214691058
-1.8489903188905816 0.0005715310174343924
-1.83758762429865 0.0008937975954641209
-1.8263643574103847 0.0005889736743938894
-1.8150081215017748 0.0009112912281055669
-1.8027793384680268 0.0006078209752226336
-1.7914461617927384 0.0009299293367073201
-1.7800467235082331 0.0006253259825766257
-1.7689174921982325 0.0009474668290805832
-1.7575795497876012 0.000642785743328478
-1.7455366697379886 0.0006347598828359032
-1.734266606183267 0.0009642947140461068
-1.7225326265675711 0.000662027092148466
-1.7124568306294485 0.0006541147794358547
-1.7001890522224141 0.0006539300227202854
-1.6876781666107934 0.000655432019160275
-1.6760354542310412 0.000657298653338563
-1.6659260341128936 0.0006590680633726083
-1.654838847173651 0.000991605599344241
-1.6435482948805793 0.0006900241481726482
-1.631137216452279 0.0006833281477082722
-1.6188055009536706 0.0006835429960857649
-1.6070512174193845 0.0006851741219885569
-1.5969020929483488 0.0006869149891031744
-1.5849347083192988 0.0006892637500959264
-1.5728644411932406 0.0006917306226865908
-1.5612617314649633 -0.000620495571511657
-1.550582287714294 -0.0020310996946974174
-1.540473194271492 -0.0031702867990671575
-1.5305402079451604 -0.004334015540055002
-1.5198489606237158 -0.005541092668384804
-1.5090928249136244 -0.006455970417641036
-1.4986048820424953 -0.00737679462457399
-1.488796377371779 -0.007973643949439967
-1.479241241880767 -0.008890388428672654
-1.469512200793617 -0.009182186834205738
-1.4600218985154612 -0.009773459494218383
-1.4499173849247842 -0.009737210950250617
-1.4400258499819367 -0.009988027924512588
-1.429406155256669 -0.009932349390469917
-1.4192975894983388 -0.010168921580511992
-1.408187106121276 -0.009780357406358
-1.3962852911331247 -0.009688968299529213
-1.384662892112308 -0.00925510200128117
-1.3732593148375414 -0.00877894499589443
-1.3629078457039503 -0.008255760132759655
-1.3531457125212052 -0.007370680971941839
-1.3427366737516977 -0.00644765249435371
-1.3318347184665973 -0.0054911725657170824
-1.3216606427615833 -0.004165744179191424
-1.3112600659401668 -0.0031113151378177554
-1.3008079533172505 -0.0013747164864274283
-1.291730982158302 0.00026526305425192973
-1.28283265250548 0.0017839532348504048
-1.2734014902373325 0.003673175493000505
-1.2651898012269516 0.005596351693667144
-1.2568089123223634 0.007571935252319239
-1.2479405388705138 0.011911133594741852
-1.239120394603922 0.01743875968535497
-1.229186566071151 0.023243510412193517
-1.2184029590671175 0.029627653684458556
-1.20741932530569 0.0355864809003673
-1.1962416581108437 0.04205530191286149
-1.1846757458075436 0.04877745747678285
-1.173049961063046 0.05538196192374645
-1.1617265663428742 0.06211799478048364
-1.1501862497887247 0.06907761757759139
-1.1383190777096144 0.07629091669453844
-1.126288342124696 0.08340150911317776
-1.1132238213973493 0.09091570701236026
-1.1006461045609957 0.09851571809497858
-1.0882625085519777 0.10626743231382871
-1.0763540243773788 0.1140931902207748
-1.0642362287230174 0.12183205828882443
-1.051745416879046 0.12985040740591075
-1.0393502872087295 0.13836878018778903
-1.0268417525177682 0.14645522595867017
-1.014509119172487 0.15498402500411115
-1.0020807506185623 0.16374890399180106
-0.9893543138123534 0.17247445189287317
-0.9769169266979549 0.18126585933766204
-0.9643566504342763 0.1902885940142247
-0.9518534163781474 0.19947739232219303
-0.9390584684066154 0.208624770245261
-0.9265989703617732 0.21815003144355438
-0.9144810279226394 0.22737087187708976
-0.9014841745227077 0.2371593983754121
-0.8884245511564275 0.24716258278877448
-0.8758217489023841 0.2567713028349162
-0.8627938523719941 0.2671121987145094
-0.8500941789512261 0.277123344320552
-0.8375655721092758 0.28720786362130657
-0.8251435029808571 0.2974058278589731
-0.812619117334056 0.3078328453919471
-0.7992378536792382 0.31891689231214726
-0.7855721966877406 0.32997587102907916
-0.7726902879938757 0.34111545292835893
-0.7598379633134571 0.35205537500070516
-0.746867124206211 0.3632237830995638
-0.7341884929656961 0.374377776855759
-0.7213111946947934 0.38582550871804594
-0.708083466338849 0.3972812895141038
-0.6953626147527585 0.40893656125558725
-0.6820411344165211 0.42078394565078336
-0.6689418570216126 0.4326269154397415
-0.6565098623952162 0.4445630633117121
-0.6432157394539173 0.4564937635364631
-0.6303947431237409 0.4686020133102613
-0.6172722663238064 0.48069057548265565
-0.6048184191670573 0.4932283160473806
-0.5915213429175458 0.5053781749649628
-0.5782515997349861 0.5184088828812905
-0.5654845401631838 0.5312460544905844
-0.5526397811735153 0.5434869894323556
-0.5391585747326356 0.5571522898707099
-0.5251972414149498 0.5705638566036799
-0.5118677640513505 0.5844143541736894
-0.4985374824532338 0.5976259366333752
-0.4857102964750696 0.6109516684683334
-0.47267235746263025 0.6241881671612911
-0.46024655268777726 0.6374516028020696
-0.44799923430208344 0.6507268609288942
-0.4355848026365265 0.6638693300667498
-0.4229806398230089 0.6772929482196819
-0.4105485461724431 0.6906916254463904
-0.39803666943942584 0.704292916000775
-0.38534898795085715 0.7181884110506245
-0.3726254974688316 0.7322553890287175
-0.3598181562335042 0.7460936826203454
-0.3473227157696781 0.7601859727996962
-0.3348012456762738 0.7740042886202687
-0.32193966629922466 0.788247380809965
-0.30904312673603246 0.8030928954561352
-0.29644499938655156 0.8173549826740911
-0.28363045010025745 0.8319353810420853
-0.2712239991032561 0.8462271218731343
-0.25911103832168936 0.860340908007369
-0.24697227348041817 0.8745955054598209
-0.23504105106108167 0.8887543626696544
-0.22281827278636615 0.9028570968545104
-0.21083552937812258 0.9172528562564091
-0.1990942065219833 0.9315248182494964
-0.18684115486556677 0.9459773764064591
-0.17510034378896394 0.9604365832724332
-0.16322949895890382 0.9746832298855486
-0.15145538756906907 0.988897634627921
-0.13943324478020624 1.003945496048263
-0.12731574400857773 1.018747358700842
-0.11505373147594603 1.0337837854555454
-0.10299677482296038 1.0486797325490125
-0.09083217468353813 1.0637831704875624
-0.07981790939812056 1.078181567408149
-0.07076654861669698 1.0912768822013712
-0.06195003390502313 1.1029999205173358
-0.05397085259848794 1.1137945785209
-0.04738270694076119 1.123538128313866
-0.04086279301722304 1.1327878295502596
-0.03533835814145053 1.1409080156409979
-0.028881080335845383 1.1496644399145337
-0.022253949961381414 1.1586363369069659
-0.014728714779284391 1.1687084704768445
-0.008004325901113996 1.1778608695313666
-0.0011538366088007235 1.1872015892622858
0.005487433873042749 1.1958130915173946
0.012285736936554895 1.2040933236204308
0.019016757050201893 1.21278329481835
0.02644329228534549 1.222348035086927
0.03429139122509027 1.2319282395268742
0.04188583083010812 1.2411788663742112
0.049213999665447594 1.2495776882070018
0.0566431738483236 1.2585730367671213
0.06437734002023268 1.2674308249264943
0.07182552662996125 1.2759022604765693
0.07927035336944127 1.2843427233909348
0.08743383479102129 1.2931117840595039
0.0953951794268162 1.302089138024052
0.10359573864436841 1.310321657951795
0.11121426047816374 1.3187869629053262
0.11935737986058195 1.326865530204342
0.12778565359618616 1.3351913989119004
0.13619302700282734 1.3439316082862263
0.14557241429237497 1.3527737888561724
0.1545249231504919 1.3615061179395864
0.16298307196938489 1.369618969739662
0.17153023869460868 1.3772797731812136
0.18085840050381485 1.3857323914793105
0.1895321650576276 1.3933662141438437
0.19814123535214434 1.4008522934706682
0.20678536196980493 1.4083042459401232
0.21532328787137625 1.4150815287617617
0.22420893704579764 1.4226154652032599
0.23211421535194443 1.4285574937864218
0.24013629573166012 1.4345313442709213
0.24870503209881661 1.4409994860371245
0.2580211768785664 1.4476884201358233
0.2675915053025784 1.4549862712015702
0.2770181816190754 1.4615924671398566
0.28639884998650594 1.4680332003436902
0.29558466248729354 1.4741750744672186
0.3049209392657708 1.480363984987739
0.31336299674951135 1.4855918387068623
0.32232120370357437 1.4907696988376569
0.3315160858196381 1.496498802586249
0.3401297359088654 1.5011625760197884
0.34860755509279145 1.5055908812982424
0.35732916002263426 1.5101408101420217
0.3654880696442799 1.5140970120468138
0.37354595887474584 1.5178773563674535
0.38216836364482554 1.5216239766236646
0.39032370060704 1.5252898432470785
0.3986334152520399 1.5285848473201569
0.4067639046461905 1.5320498563106193
0.41545704027895314 1.535476205556639
0.42394411521108033 1.5377929424701897
0.4315176410524349 1.5396736968598614
0.4384081211477187 1.5405457012435524
0.4455816968084089 1.5419403413720782
0.4528032277053356 1.5433054236374713
0.46070472966530834 1.5450782501303677
0.46866581809653307 1.5468070521642365
0.4767136434940108 1.5489046488289773
0.48502199637231336 1.5507157396872342
0.49337456229867466 1.5524522898294777
0.5017542035623435 1.5541117025924556
0.5099781193589032 1.5559690323261248
0.5172756966118315 1.5568054225515489
0.5245447124810857 1.55791973963983
0.5332255358183878 1.5594303186229843
0.5413855210146116 1.5609180151055428
0.5498115147747211 1.5624902924539017
0.558021623921835 1.5638659905754535
0.5670142856107521 1.5652161899728676
0.5753134503052754 1.5668346461048714
0.5830939109665556 1.5673981775683936
0.5913817361021523 1.5688552554391098
0.6000539161823324 1.5700939453395495
0.6089228143679485 1.5713410630678237
0.6169718722615161 1.5721134183275656
0.6259223322614257 1.5735933280277035
0.6347771699508283 1.5746134718114486
0.6428408045578844 1.5751885197113749
0.6512060288899268 1.5761793586085044
0.6600710038156146 1.5773324720685205
0.6687952256018611 1.5780043707317077
0.6770908992103636 1.5787653957590901
0.6862750110451404 1.5798286686095513
0.6956619299177361 1.5809032771866847
0.7048801283195565 1.5818406879117608
0.7140984281016844 1.5827062470016209
0.7235502893644067 1.5835859298607697
0.7332561058239979 1.5844836689286848
0.7427396177364551 1.5852288165130843
0.753163323355783 1.586563421799758
0.761815660412988 1.5867387001761537
0.7712250343559374 1.5875864341555734
0.7806616371242059 1.5883986393360239
0.7901663944178674 1.5888306391743925
0.7996427510936768 1.5895130067331562
0.8092874023877608 1.5898512980847166
0.818830498319074 1.5904183859148853
0.8283238908820871 1.5909198554488735
0.837908039924672 1.5913870273780255
0.8475144545450992 1.5917988372210237
0.8568163299163642 1.5920693596455178
0.8660463311193041 1.5922614731814106
0.8756707647593228 1.5924916365978712
0.8856054293734533 1.5930722957317085
0.8958735438159706 1.5933536304090792
0.9063093519617191 1.5935973299013202
0.9167125674968858 1.5941001064092393
0.9273245643108721 1.5942679300841902
0.9372648639637233 1.5942171677053971
0.9464201555065579 1.5942757720673093
0.956497122359056 1.5944781490297373
0.9660974519259127 1.5942050453864958
0.9764930201921218 1.594338964548477
0.9868537269742552 1.5944213060796502
0.9969971277538301 1.5944127557480696
1.0071282449340324 1.594348253785106
1.0172475865617843 1.5942277401588547
1.0273627617732686 1.5940524563529856
1.037477547165441 1.5938229947179077
1.0475937795206736 1.5935396170840062
1.058048775015035 1.5932496366516848
1.0693610929873045 1.5930194279669885
1.0799950785481451 1.5929719938539098
1.0902906076571617 1.5925178975885736
1.100644423591709 1.5920059047312556
1.1108394759673965 1.591748722701066
1.121339027346496 1.5911628589753835
1.132307505498729 1.5908905645657763
1.1431110105163431 1.5902352800476236
1.1536572687073914 1.5898174782894299
1.1645234603006824 1.5893932533991746
1.174950998703195 1.588887436133396
1.1859319132626427 1.5880531067732366
1.1969925367101866 1.5874834883740394
1.2075704944221883 1.5868412172771436
1.2178036634336458 1.586132382512771
1.2283335849441785 1.5853990568690017
1.238916467011481 1.5846242929679237
1.2493462192541256 1.5837961420773048
1.2601419237152147 1.5829417634412726
1.271453635255019 1.5820650589321559
1.2826437509399395 1.5814636956707167
1.293841915706927 1.5805105397717494
1.304615252940162 1.579485623954654
1.315690363050582 1.5784209623809629
1.326618509863112 1.5776330758021446
1.3376593098056315 1.5764962372595364
1.3487940345081393 1.5753045295357764
1.3597546938266536 1.5743890055207004
1.370868660444423 1.5731230719266804
1.3823560026068034 1.572130876085948
1.3928586698692489 1.5711092628329089
1.4036657182642722 1.5697274905893146
1.415245807522666 1.5686128432834763
1.4257376698696353 1.5674793349867513
1.4367126320000558 1.5659800914627982
1.4475713491149884 1.564752439134105
1.4591200296077593 1.5634863281295686
1.4708526398892314 1.5621814737365116
1.4819080572494951 1.5608564819772295
1.492801885290822 1.5595002536150302
1.5030848084573933 1.5577994748620299
1.514504454024559 1.5566581855997275
1.5254060898091337 1.5548768557718382
1.536254353016721 1.5536881502774282
1.5476592689240602 1.5521426059724963
1.5585961276318683 1.5505751032574768
1.5701709414550675 1.5489375549060431
1.5816620591496133 1.5472664293077758
1.592643128539442 1.5455867406490753
1.6035173572548596 1.5442061498836244
1.6150514488611847 1.542443897697892
1.6264821126683429 1.540641714894473
1.6380313999096205 1.5387915031398172
1.649023816146408 1.5372721445439457
1.6610622747744939 1.5346750485961853
1.6747848015224416 1.5308553122275443
1.6894077239460856 1.5277747123455276
1.7051252482427643 1.5242030796577313
1.7217147160932487 1.520759825688798
1.7398776210570035 1.5171911176880106
1.7586944065855403 1.5139974913192225
1.7776968594026743 1.5104147186622314
1.7967672282392688 1.5070654042595741
1.8159011189153103 1.503987952441536
1.8349809428590476 1.5005625110597403
1.854259709433571 1.497704332107347
1.8732693191042862 1.494884662339516
1.891870412172975 1.4921063361582099
1.910064570052876 1.4893652652538665
1.9287253282370442 1.4868776967564772
1.947816556951212 1.484682569130438
1.9675481047697958 1.4821119832527956
1.9872897164086205 1.480199982389249
2.0070632510743445 1.4780231881914976
2.026625430673012 1.4762243496369385
2.0459689706680937 1.4745097640743465
2.06517285435407 1.47319127333707
2.084642238181257 1.4715888249233107
2.102988908238113 1.470814972929587
2.122094801366666 1.4697285596981529
2.140637384970852 1.4690916460986652
2.159196636416197 1.4685451728530117
2.17754529177603 1.4684340671590816
2.1960565016262104 1.4684203826148767
2.214883942042373 1.4684825924634473
2.2339909460079395 1.4686242829914864
2.252989615486316 1.4692069465303519
2.2719380203711252 1.4699280634235812
2.2908798284605205 1.4707754432706919
2.3091929585974937 1.4721120041806397
2.327579324290626 1.473266437133923
2.3463514882896845 1.4748414011992839
2.3648477252420936 1.4765768345134715
2.383739766025533 1.4787699539819181
2.4028235103845828 1.4808057752589283
2.4217865878249762 1.4833066512491764
2.4403452860950936 1.4859831248346085
2.457805923570958 1.4888192602587023
2.4749358544732445 1.492131923725635
2.4929425541576826 1.495641881376865
2.5103058638585423 1.4993101029221507
2.527284045517671 1.50313377831787
2.544155757940965 1.5071187697760897
2.560927794524653 1.5115919575077814
2.5776448331078714 1.515927753685311
2.5945945197439784 1.5207677011605854
2.611577228827532 1.5258069333434345
2.627784153573879 1.5309575933990591
2.6432653653653713 1.5365386113173656
2.659016443970266 1.5420264230289855
2.6742393787445766 1.5479415970542039
2.6897896868787625 1.5541049042564794
2.705345466329162 1.5604659310514082
2.720321943556532 1.5669240122104715
2.7349551665157015 1.573509755289029
2.749128649316272 1.5805272341831533
2.7633753531557743 1.5874373253489125
2.777688287840101 1.5948742090264432
2.7911459458876853 1.602324978949663
2.8046287498959264 1.6099814463468332
2.817952122215106 1.6177948019382853
2.831248670667442 1.6257988063189983
2.844155927806569 1.6338893131971688
2.8571497273871933 1.6425459180375364
2.8696865783766916 1.6509426762642903
2.882075417105285 1.6598234655547714
2.893907959531381 1.6687351536028803
2.905511764388398 1.677775695871719
2.917372094711316 1.6871231237841224
2.928967383675514 1.696580820315262
2.9395689913750847 1.7058435901111877
2.9507708743701673 1.7159242542031559
2.961294756714642 1.7255890430069554
2.9711105882446076 1.7351247461363042
2.9808842977779753 1.7452023185774477
2.9906036614608906 1.755486004324464
3.000304460469611 1.7656183838223167
3.0090660362891377 1.7761894616138911
3.0183597478629642 1.786566013974044
3.02689506131039 1.7974532482418897
3.0359073527242986 1.8081256901173337
3.044114148437333 1.8192663485979075
3.0526292750101534 1.8304846555566776
3.0610004897638605 1.8418376864835737
3.068340288092908 1.8531245999011015
3.075839446393519 1.8643842981481846
3.083028676780701 1.8760479776601466
3.0898873040450714 1.8873203294639502
3.096606882476289 1.8991226882747803
3.102869131402596 1.9108294346393757
3.108493641657833 1.922266816233977
3.1140360585572195 1.9334506185074358
3.118958823897239 1.9451773606557272
3.1241080931881275 1.956516840566191
3.128650719862763 1.9683962025001296
3.133797731348075 1.9802512996092048
3.1383995747115927 1.9927140673459383
3.1430511121604976 2.005083434556933
3.1475133949690974 2.017526279131406
3.151224388449466 2.0299158366309746
3.154891768640412 2.0420813217649574
3.1583440145596744 2.054266595636492
3.161334041573428 2.066694248571246
3.1640507270300757 2.078581689466715
3.1665534584263844 2.091007812282817
3.168348907509324 2.102819780286019
3.1700603367781857 2.114829937189972
3.172135584669976 2.1271170161512925
3.1735438740146837 2.139293768840476
3.174698786780352 2.1514389930912414
3.175629398725533 2.1635781799089635
3.1760855982288594 2.175278303039733
3.176532904979055 2.1873223878244588
3.1768123487717443 2.1994380814492693
3.1769017541288225 2.2115865055947044
3.1764972630108934 2.2238940749090577
3.1757737631542313 2.235283488888505
3.174937350022235 2.2467946593856003
3.1736114845018863 2.2584294171263872
3.1722344298250658 2.2695946076094433
3.170782839423918 2.281000119160903
3.1688483553994176 2.292533961044884
3.1670200461659612 2.303969700126005
3.164697879929986 2.3154820483252827
3.1623173494173153 2.3263705640165138
3.1595582109757228 2.337685850484526
3.156455910542263 2.348486315948456
3.1531399884833378 2.3591708505569504
3.150136228616988 2.370494165953609
3.146605400028777 2.3817088526466477
3.14278326130014 2.3924715808525705
3.1386227713233636 2.4024022755479217
3.1342423187814705 2.4120246297058827
3.1296756743982774 2.42148124220529
3.12497929535652 2.4311654713302557
3.120141116039242 2.4410485826236514
3.1151010760237496 2.45057533159738
3.1098519051324387 2.4595099751958722
3.1044390061932 2.4683205123014442
3.0988755035568163 2.4772486358895107
3.09316161101319 2.486596974487574
3.086951526820666 2.495579116764632
3.0808838273722867 2.5044904519131546
3.0746847872841476 2.512772517145274
3.0680291234479897 2.5205390187362178
3.061535398137189 2.5282443936201346
3.0548564020115068 2.5364386605888303
3.0477742211845884 2.543869369943269
3.040844289760574 2.5513443569180607
3.0337795195424726 2.5587598117077195
3.0263325596618857 2.565556202552965
3.0189144147445037 2.5730739963542995
3.0113096075823322 2.5791374811513927
3.0036546226617955 2.5861904003671117
2.9956820668574466 2.592555087164179
2.9879035878426436 2.598814410426435
2.9799098099036843 2.6041327453420755
2.9717023859988028 2.6096228492123945
2.9636864891881167 2.6151040038409468
2.95547367187701 2.6197623954059432
2.9471429837519514 2.62525757189864
2.93872397540594 2.628156021046148
2.9302483328610323 2.632615294006591
2.922571810835579 2.6370691010372243
2.91346458815636 2.6413050903417656
2.9053643831546077 2.6445089856408988
2.8976579448042155 2.64816367487842
2.8907505461290666 2.6501046543379614
2.883568414762438 2.6524145095728935
2.8774737273171924 2.6532842867422883
2.871471106597727 2.6539277498770995
2.8656410422150422 2.6541931376266312
2.8592228591491806 2.654691755502361
2.852418428439477 2.656832944439421
2.845384261445857 2.6586673084222396
2.839259393819346 2.659023149897847
2.8323394510742834 2.6603926820581885
2.82524365151191 2.6618745645740494
2.817720215520247 2.6643285088579503
2.809733303560779 2.6667173554069543
2.8025233634787323 2.668484524678815
2.7959203565558277 2.6694014263187826
2.7883269556442825 2.6713720961386787
2.7799720413616584 2.6740791377746302
2.771412183475767 2.676858194546004
2.7629086815187245 2.6794143368017878
2.753807925949664 2.682437572015536
2.7449716065253313 2.6850213550104924
2.735779467219099 2.6877958446195893
2.7267553679508234 2.6906982774089094
2.7174530588123655 2.693276943063427
2.708311695007155 2.695976993891752
2.699146644915299 2.698563206820601
2.688920385997811 2.7019262435970153
2.679212311748901 2.7046866814720207
2.6692368578907804 2.707511275018442
2.6594642767036087 2.7104362572532326
2.6491484730298995 2.713243116230983
2.6388000484125484 2.716315762122867
2.628750779443654 2.7190299169656793
2.618444752517271 2.7213853653083526
2.608551382336752 2.7240842957771574
2.5973076122370586 2.7272170623499634
2.586164513585191 2.730118384943518
2.5757495225885103 2.732385562982809
2.5640933194662527 2.7356790078368234
2.552598225373055 2.738367412354101
2.5408057364929753 2.7414526838053868
2.5296334019826903 2.7440356264328005
2.518231296536667 2.746616787949034
2.506771444637597 2.7490934248415084
2.4953525124338896 2.751410240856833
2.4833672031623837 2.753894728880827
2.4718847137985627 2.7563448734679485
2.4596326328452727 2.7587094288920175
2.4484119672117752 2.76076003693437
2.4369973616702807 2.76280979939619
2.4244553676995713 2.7652671570234544
2.41152707610831 2.767782167640301
2.3995877872684126 2.769708442639012
2.387766437676322 2.7714666396105967
2.3760615883034766 2.773054038726911
2.3633505661147898 2.7752771620644414
2.3503500869492595 2.7775325799246695
2.3382236098802274 2.778975709256254
2.3264229567390773 2.780509541962922
2.3146779297342106 2.7819267344095002
2.301726528333147 2.783665440916003
2.28838049959465 2.7854455495640296
2.2750182904338625 2.7874600454612994
2.261650960432165 2.7890386040914183
2.248231586307484 2.7908512827343492
2.234887486640961 2.7922020843304636
2.2221164772349282 2.793591605164161
2.2086891443579995 2.795090767161638
2.19550929535687 2.796418003140204
2.1826174537520227 2.7975634223584325
2.1693055339813005 2.7987275748053215
2.1554657686951564 2.799933591110099
2.1417746180911696 2.8009964673339462
2.1282894800560177 2.802241949990242
2.114642111290548 2.80311450217945
2.100989988436254 2.8042137151890287
2.087486260230099 2.804863740811654
2.073473061912792 2.8058530456581274
2.0594703564641326 2.8067599981443725
2.0454448060693413 2.807584011756915
2.0311111991749398 2.808381381928388
2.017364082879322 2.808970562955289
2.003456054315899 2.809501643250292
1.9890715520937907 2.810364919028534
1.9742724543710763 2.8109042500787993
1.959903576540855 2.8112647186794986
1.945684093333384 2.811837452603388
1.9320253462171257 2.81225491101754
1.9176584047239045 2.812379205819533
1.9029583456288084 2.8127806839347382
1.8883018781582284 2.813105590390383
1.8736060755683357 2.8133586067526717
1.8588995831368018 2.8135338659439713
1.8442975210365136 2.8136161548044254
1.8297156515480995 2.8136165377195126
1.8151383640937178 2.813536962251315
1.8005685745383295 2.813377115546141
1.7853048407154246 2.8135399773032463
1.770552696484756 2.8132678116127923
1.7559493634302625 2.8132218830613875
1.7413559370994538 2.812791776390041
1.7268118387530698 2.812598067284271
1.7122588710702527 2.812022202390354
1.6972101566870073 2.81172367245991
1.6820449695113557 2.8113777238374
1.6668432717861486 2.810971004656331
1.6516337597983304 2.8104998619646997
1.636431872976281 2.80996295269965
1.6219771315781106 2.809321677712857
1.6074845834611868 2.8086198108967375
1.5937576447774116 2.808151218299604
1.5789278391639803 2.8073667609756243
1.5638567092939086 2.8065198451916906
1.548498876128099 2.805944208918453
1.532686322610184 2.805016288831109
1.5166632138082266 2.804017548029733
1.501234693010411 2.8032648145354724
1.4871990006282596 2.802413969358871
1.4722740174495152 2.801239217284034
1.4572795816909148 2.8003213315370434
1.442171805798254 2.799366983709603
1.4277927517889133 2.798037437081055
1.4126382009412595 2.7969634884743644
1.397601304876107 2.7958520764762382
1.3825706773374773 2.7946961025558616
1.3674218582517887 2.793492737744701
1.3527043381628139 2.7922480321354173
1.337749153546989 2.790953155726026
1.3230531093406022 2.7896163330322
1.3076941844001715 2.788546371612736
1.2925172910457883 2.787132884840771
1.2774802051869227 2.785666227260673
1.262773591474275 2.7841593437918983
1.2481120216980481 2.7829343727299545
1.2332335661478515 2.78135337081621
1.218569198494795 2.7797237636828642
1.203160774704155 2.7783408797160813
1.1878913252404288 2.776613309469662
1.1722379549902748 2.775136640188359
1.1570986594939403 2.7733323148497218
1.143544927570133 2.7728727853819097
1.1333589272504656 2.7723242682206126
1.1278286313702615 2.7720232101714863
1.1258632184406392 2.7719128688446366
1.1266616204344593 2.771950045482324
1.128370180190835 2.7720364831992708
1.1302343494347118 2.7721318171483613
1.132497762222551 2.7722484986376146
1.133660498161582 2.772639806238697
1.1331814399502513 2.7722964644487083
1.1318919863870778 2.772215926782199
