3.0381054279462893 0.01382075479805796
3.0483089312559777 -0.05164341261306475
2.978465144993007 0.4420482006436296
2.9800020309370594 -0.45614792854634467
3.0366034680066623 -0.19487893149588764
3.06055977082497 0.020856489269610874
3.0396482881736 0.17760825982034018
3.0272523773023163 0.11905560279756248
3.0371967779586626 0.1278476023712071
3.0298088653796267 0.19669099598024092
3.0037033767051518 -0.2745997994827004
3.0231631922705775 -0.07651672389769891
3.0360045931439967 0.12616038797579102
3.035820788787996 -0.1737704254289338
3.059558708369934 0.017349236454705787
3.0217403095576496 -0.2154646056577985
2.9908322879003735 -0.4343758335140322
3.009037938316663 0.043063897646446
3.033694610870746 0.030275215509122155
2.9879540846248562 0.37618525129862554
3.0606657940266473 -0.03559815592307283
3.0326828325053063 -0.2684353189614286
3.0057835116223193 -0.5089207005107147
3.0505356286082654 0.004491819882004922
3.034588415691395 -0.1062249729951723
3.024545184796222 0.22443111217715458
3.053423990371602 0.1797649434527172
3.0410131372277265 -0.26112099254905435
3.0301957800196635 0.118202694696617
3.0114499666013166 -0.3432889930372164
3.047021864649642 0.03879570746689258
3.023309472163383 0.12760440787398397
3.0522868993634362 -0.061853930775553796
3.0135261115594516 0.15004698100178057
3.003861271549153 0.2613692046150846
3.0232092483618223 0.04640190356399798
3.0194893411379664 -0.41667700899107857
3.042386943804666 -0.07097787656573283
3.028633153074057 -0.2756538673985075
3.0739179521212048 -0.015584139363873175
2.974528186645023 0.3901473317714726
3.0670807283737296 -0.07855778030027322
3.031214043447852 -0.09439050547310968
3.0330781641041016 -0.11144600889859908
3.048846465832759 -0.03153864903379394
3.024779098697948 0.23111531311774555
3.0157800049025023 0.05641639507945388
3.041663350459681 0.18798754852794958
3.0317863896666557 -0.17761395482179043
3.0444877107994133 -0.05422517165412166
2.9896016277824806 -0.37406129754726813
3.034226014052463 0.07406542768531431
3.013314130704197 0.12425684845027724
3.0545731694114893 0.046567073262688746
3.031416624460277 -8.029203007280453e-05
3.0350860618344018 0.152716622792946
2.973655366021367 -0.10699027551343283
3.0596943873053974 0.2118964770463224
3.0420539285366144 -0.0661136436400935
3.0375039118868665 -0.036265727996381635
3.026648819212042 -0.07272922500784317
3.0713339173038476 -0.10419163546700969
3.039718247188143 0.015302439417689521
3.045279747220594 -0.16829884934577372
3.0044049794633674 -0.34230106302712043
3.0185753913583557 0.039907727343445346
3.032935579181618 0.01629811578509133
3.0224582197581302 -0.2837783723622018
3.049996793982287 0.1416955805104513
3.0594097829273355 -0.02846683197801299
3.0212348107284277 -0.14505452812725983
3.0288870254907927 0.07233169320403059
3.0649539187993673 -0.045175476021144106
3.063591692901931 0.07265527670472596
3.034157442091101 -0.029247345679131228
3.0289246523290076 0.16833417577739995
3.045159620526468 -0.13314055241197348
3.036793982654664 0.17025237470514454
3.058491299481364 0.13406658889664197
3.0127356566915773 -0.0027501225102946267
3.004349764149138 0.08862600324739077
3.0048232264510157 0.1317331593746561
3.030895701477039 -0.11195557143952421
3.0665381010056576 0.007156608132146653
3.0447401440931507 0.054001706000861294
3.044349318012048 -0.09670384974230001
3.033116640812819 -0.039823525832838116
3.062223919274626 0.10145096517158235
3.0870721356076105 -0.11277960216440557
3.028362230790019 0.0799301908946887
3.0323431717626566 0.35509887981731714
3.017074199120925 -0.2505235402230939
3.009699504025171 0.29079849401403957
3.0501294220824198 -0.058517113829700436
3.0521799503681097 0.18676023993691127
3.035519968102746 -0.1809645609963935
3.030171555730024 0.12316307573510342
3.0420724450094316 -0.1118723854302093
3.0294430013274907 -0.09355048884530316
3.03212857619477 -0.0889462437891309