0.07172631366573118 -3.544149454482403e-08
0.14928995277437979 -5.429135688311784e-08
0.2263012226001015 -7.430307491580509e-08
0.3031188667529106 -8.778178675996105e-08
0.3798451202770101 -9.168925895728396e-08
0.45676898996866516 -8.664803640292385e-08
0.5336160929039462 -7.616203723110856e-08
0.6102640339580288 -6.515402225788109e-08
0.6870686821045908 -5.857467663087288e-08
0.7639329271215337 -5.9183838779731406e-08
0.8405995471836909 -6.595212347724263e-08
0.9173728129167629 -7.525911958713776e-08
0.9943257355688468 -8.216261233501842e-08
1.071104217364583 -8.173825539419268e-08
1.1478522912830076 -7.157231428172464e-08
1.2247924347750507 -5.2874951474026236e-08
1.3015979763421772 -2.9577020365439286e-08
1.3782474570648457 -6.7152920448857694e-09
1.4550843528393451 1.1023764524126072e-08
1.503788599133149 3.0657172807278207e-08
1.504314728237129 1.9625539675313192e-08
1.5041506146083794 1.9246886494210284e-08
1.504134147205977 2.0554183783606527e-08
1.5041328633632165 2.19774799566892e-08
1.5041328034197365 2.3235921076379808e-08
1.5041328190948955 2.461574130155541e-08
1.5041328469248154 2.6030274335111437e-08
1.5041328774691138 2.7449968485048283e-08
1.5042712606655262 8.801700462254466e-05
1.5041538699359884 0.00034745776018865054
1.504050989838501 0.0005433506084341205
1.5040092085610703 0.0007715359631449564
1.5038956386466242 0.0009695739798361025
1.5036838003100945 0.0010397094297701914
1.5034502816573239 0.0010172805452723227
1.50324690336773 0.03636580208547868
1.5035091917524934 0.11465076379602886
1.5036501390541508 0.19149596976318606
1.5037807855461145 0.2681924799845785
1.5039137645451028 0.3450832468872867
1.5040478206187966 0.4218714622361296
1.5041801909356407 0.49853585511772514
1.504309126778073 0.575415817580319
1.504433464077045 0.6523141909479361
1.5045538469059927 0.7290169259901744
1.5046732335533846 0.805846653981693
1.5047944802554833 0.8827747277351228
1.5049192863395733 0.9594775845705494
1.5050487171413733 1.0361947332634684
1.5051819121028358 1.1130955848962718
1.5053158022908912 1.1898478035010818
1.5054476264170684 1.2665299461538142
1.505575760503639 1.3434406962184682
1.5056992384968495 1.4203073854760686
1.5058191577949178 1.4970048188273883
1.5057663648562785 1.500950604333982
1.5055831723790236 1.5005522600163541
1.5053950339967455 1.500447701475329
1.50528303543425 1.5002865328605286
1.5051930098145336 1.5001094712335057
1.505057042702229 1.4999422185886484
1.5049419222004827 1.4997405528049055
1.4616774250583089 1.4993588498214223
1.3839109987941325 1.499160197326556
1.306934019483957 1.4988603518683334
1.2300768437818754 1.498542637884242
1.1534054108041345 1.4982188494396131
1.07657051809854 1.4978919866480542
0.9996660224258288 1.4975666432584085
0.9229730145695938 1.4972473489467009
0.8462074074906714 1.4969342316277658
0.7692797432236775 1.496625671352395
0.6925337415396027 1.496319766437248
0.615827141955281 1.4960118695389197
0.53891233764509 1.495697751584088
0.4620975660185599 1.4953775994797025
0.3854234623414173 1.49505306779547
0.30855452569642017 1.4947262051143015
0.23167609292815888 1.4944018273951174
0.15499971282860725 1.494083872262796
0.07819698273412323 1.4937718349605258
0.004748459286685908 1.493584973394036
0.005218002410790942 1.4934431747505452
0.005690477403014815 1.4933185747299584
0.00575339633532701 1.4931337545273242
0.005790814080191983 1.4929142343968058
0.005926962283456065 1.492760987577328
0.006148769064319302 1.4927390466067658
0.006374849675570435 1.4927648992692664
0.007053919240537297 1.4415106776752862
0.007747928880411183 1.3637658906769483
0.008508857263890961 1.2869970683996235
0.009274784661743037 1.2102252640772746
0.010039646980836855 1.1332745995741933
0.010801194596934236 1.0564922992905303
0.011563187993353633 0.9797862875269918
0.012330768873419126 0.9028891654932629
0.013102161806328004 0.8260827236147839
0.013875821391423088 0.7494401884782179
0.014652892726739584 0.6726123811114312
0.015429039953286353 0.5957364901213132
0.016199505123850752 0.5190491754753602
0.016966473269857098 0.4422440882580054
0.01773114766551913 0.3652971437574632
0.01849257029267759 0.28855002067040175
0.01925552313092393 0.2118205373856667
0.020024269260369182 0.13491065700469443
0.02079630115848993 0.05814316384973443
0.021226723982587053 -0.008475639462106055
0.021500190485495424 -0.0068851254343398754
0.021686194795502434 -0.006635415818587023
0.021854297645675383 -0.006502723480831515
0.021958765683222553 -0.006319208154838857
0.022076425499151647 -0.006140643662720491
