-1.65 -8.345202204418989e-19
-1.643016843124447 -5.355368427705669e-08
-1.632200597385701 -7.153567944090593e-08
-1.620293853771273 -7.222464926973314e-08
-1.6080521326378874 -6.832562795338148e-08
-1.5957843613164902 -6.392621842606936e-08
-1.583602870647423 -6.073973540392772e-08
-1.5715359861422122 -5.9271761301205336e-08
-1.5595784695358288 -5.949765356614869e-08
-1.5477136725890723 -6.119762559314616e-08
-1.5359229203224165 -6.410579253199203e-08
-1.5241892006626634 -6.796959066561531e-08
-1.5124983685481992 -7.256910359297858e-08
-1.5008393036741683 -7.771968605549153e-08
-1.489203656353324 -8.326837524605366e-08
-1.4775854531575374 -8.908858256452113e-08
-1.4659806731070522 -9.507487230417489e-08
-1.4543868361242496 -1.0113846248139968e-07
-1.442802617882515 -1.0720359218928774e-07
-1.4312274959811186 -1.1320470546577508e-07
-1.4196614309031284 -1.1908433495766521e-07
-1.4081045864211772 -1.2479155670758742e-07
-1.396557095526719 -1.3028089565062008e-07
-1.3850188783445339 -1.355115774569265e-07
-1.3734895173507606 -1.4044704052933233e-07
-1.361968192549963 -1.4505463907859938e-07
-1.3504536754904426 -1.4930548369409567e-07
-1.3389443767710798 -1.5317437944345917e-07
-1.3274384377624988 -1.5663983135734094e-07
-1.3159338542717143 -1.5968409519559668e-07
-1.3044286182183928 -1.6229325710004612e-07
-1.292920863154432 -1.6445732819677954e-07
-1.2814090004688117 -1.6617034241946645e-07
-1.269891835030624 -1.6743044700040675e-07
-1.2583686514469399 -1.6823997346411882e-07
-1.2468392647266155 -1.6860547872395835e-07
-1.2353040317513195 -1.685377442115032e-07
-1.223763822500057 -1.680517218185251e-07
-1.212219952486702 -1.6716641657772047e-07
-1.200674080410757 -1.6590469763761566e-07
-1.1891280775986426 -1.642930334315847e-07
-1.1775838783232335 -1.6236115114413216e-07
-1.1660433222914728 -1.6014162793107365e-07
-1.1545080021262668 -1.576694276911108e-07
-1.1429791291425846 -1.5498140366555898e-07
-1.131457429807916 -1.5211579235842315e-07
-1.1199430828617278 -1.4911172593747171e-07
-1.1084357033084515 -1.460087875529794e-07
-1.0969343748469167 -1.4284662941016645e-07
-1.0854377274179532 -1.396646631990718e-07
-1.073944052158745 -1.3650182342290993e-07
-1.0624514427478988 -1.3339639282213172e-07
-1.0509579502596256 -1.3038587144485246e-07
-1.03946173826907 -1.2750686578930531e-07
-1.0279612258529032 -1.2479497281166798e-07
-1.0164552079426619 -1.2228463588581434e-07
-1.0049429448148672 -1.2000895483799377e-07
-0.9934242150176001 -1.179994390016118e-07
-0.9818993285454101 -1.1628570024912864e-07
-0.9703690995258718 -1.1489509136073886e-07
-0.9588347801078123 -1.1385230181133574e-07
-0.9472979597033717 -1.1317893035021723e-07
-0.9357604362421119 -1.1289305819304395e-07
-0.9249036466027032 -0.003831719024107906
-0.9147829540709156 -0.007789518392274543
-0.9047750591876675 -0.011300145823448595
-0.8947522153672387 -0.01445173026186217
-0.884667763453205 -0.01726611320807562
-0.8745092566079473 -0.019747349560880017
-0.8642784578066249 -0.021895241883174578
-0.8539826787580671 -0.023708748302111206
-0.843631147800147 -0.025186751366950873
-0.8332336099859046 -0.0263281872521431
-0.8227999018440573 -0.027132063471553197
-0.812339929020153 -0.02759749436805689
-0.8018637839986427 -0.027723774255699912
-0.7913818825396565 -0.0275104785262512
-0.7809050639103581 -0.02695757607172282
-0.7704446325802008 -0.02606553611361781
-0.760012336134737 -0.024835414511924517
-0.7496202839793333 -0.02326890764317706
-0.7392808176424983 -0.02136836570071432
-0.7290063477249153 -0.019136761707116895
-0.718809175302308 -0.016577617511896486
-0.7087013168620868 -0.01369489327275128
-0.698694351382243 -0.010492851861035823
-0.688799305704969 -0.006975913590040489
-0.6790265899043507 -0.0031485188974622047
-0.6693859882603252 0.000984983457213734
-0.6598867044944084 0.005420407707533714
-0.6505374531410586 0.01015375176746161
-0.6413465834080255 0.015181163493784872
-0.6323222184737137 0.02049885554405398
-0.623472392294388 0.0261029780741244
-0.6139634887698994 0.03732946554365646
-0.6045408919888979 0.0527458666575418
-0.5943987321860661 0.06894050978338565
-0.5839985468050535 0.08542367212687366
-0.5735212243016629 0.10198248493053935
-0.5630374359056551 0.11852762626457214
-0.5525739895827012 0.1350253135895093
-0.5421401006476071 0.1514662047913921
-0.5317372346232997 0.1678517228895744
-0.5213630867865978 0.18418829050815852
-0.5110132144499985 0.200484838477034
-0.500681726951441 0.2167514881206402
-0.4903619213672459 0.23299860239123146
-0.4800489140302235 0.24923573075481004
-0.4697387101870245 0.26547038355912234
-0.4594284722400235 0.28170741899923024
-0.4491169840061552 0.29794878535438163
-0.43880463568310557 0.31419367857260494
-0.4284930927099783 0.33043913908526296
-0.4181847220846535 0.3466810086497713
-0.40788188903502803 0.3629150795189747
-0.3975862704937533 0.3791382087270511
-0.3872983381361908 0.3953491585719745
-0.37701713131428705 0.41154897486085734
-0.3667403722945946 0.42774082118806755
-0.3564648920266305 0.4439293199468305
-0.3461872611794538 0.4601195664410376
-0.335904479614924 0.4763160479035925
-0.3256145743389023 0.4925217041292599
-0.3153169841593134 0.5087373219896075
-0.30501265616509976 0.5249613821768935
-0.2947038344004005 0.5411903893882787
-0.28439357881166716 0.5574196261733413
-0.2740851076472003 0.5736441837926869
-0.26378110007240707 0.5898600547339895
-0.25348311433805365 0.6060650422646113
-0.24319125819668314 0.622259271793168
-0.2329041908567097 0.638445179292052
-0.22261945404589273 0.6546269808141417
-0.21233404954967766 0.6708097535178962
-0.20204512650453318 0.6869983438138774
-0.1917506256906692 0.7031963434707162
-0.18144974689787 0.7194053448011629
-0.1711431473408817 0.7356246199880032
-0.16083283240686375 0.7518512856106154
-0.15052175746744392 0.7680809229435727
-0.14021321629250055 0.784308535162096
-0.12991014048794905 0.8005296456479682
-0.11961446302572805 0.8167412965227794
-0.10932669367214176 0.8329427148424047
-0.09904580884227562 0.8491354851659917
-0.08876948217881142 0.8653231871826752
-0.07849459817888947 0.8815105892111845
-0.06821792609793445 0.897702590783974
-0.0579368021757891 0.9139031534014886
-0.047649676465683674 0.930114445539556
-0.03735641623292224 0.946336371809845
-0.027058308476921367 0.9625665765567903
-0.0167577607728637 0.9788009230271476
-0.006457757203624098 0.9950343586156657
0.0038388212505823527 1.0112619938615637
0.01412986553006726 1.0274801646145426
0.024414542842207676 1.043687235152548
0.03469351483939098 1.0598839503203368
0.044968815691091624 1.076073251415307
0.055243420430868634 1.0922596033344663
0.06552060785608724 1.108447996933664
0.0758032643627321 1.1246428569620248
0.08609327870560449 1.1408470917278255
0.09639114980552538 1.15706147684895
0.10669588299867844 1.1732844918967544
0.11700519492247347 1.1895126418108621
0.12731598953288661 1.2057412040701219
0.13762501257614893 1.2219652556881269
0.14792954804837147 1.2381807651273125
0.1582280012314689 1.2543855044089525
0.16852023106942327 1.2705795653771381
0.17880755166558718 1.2867653539523918
0.18909240426881463 1.3029470647866284
0.19937778151561153 1.3191297654096645
0.2096665402016185 1.3353183048083306
0.21996075535373555 1.3515162873213595
0.2302612498965184 1.3677253235613827
0.2405673924993045 1.3839447043177764
0.2508772029647791 1.4001715595200948
0.26118774708795756 1.4164014738813502
0.27149574606935833 1.4326294413396314
0.2817982765295165 1.4488509632345357
0.29209340821324337 1.4650630495899375
0.30238063128909065 1.481264890472034
0.31266096999104154 1.4974580349724063
0.322936755339147 1.5136460349489649
0.3332111137228645 1.529833642898552
0.34348729356875424 1.5460257562729967
0.3501723016449554 1.5599690542661038
0.3545014686115009 1.5721328739599758
0.3587695599434032 1.5833291859624123
0.36315160236325966 1.5941453232180107
0.3677370138069429 1.6047934756241267
0.37256471343528125 1.6153473316363145
0.3776468411428313 1.6258249215887668
0.3829829354728301 1.636222902289224
0.3885673059369058 1.6465308074205216
0.3943926072363947 1.6567368393127162
0.40045148273223463 1.666830061437151
0.4067372615411444 1.6768010657769952
0.41324419313107097 1.6866420061925762
0.41996745008705016 1.6963463816028996
0.4269030094578351 1.7059087356283404
0.4340474688112111 1.7153243470862787
0.4413978298049979 1.724588946575004
0.4489512723366518 1.7336984770991324
0.45670493789571154 1.7426489079955363
0.46465573791860604 1.7514361059521528
0.4728002002671491 1.7600557627223388
0.4811343639485882 1.7685033756336401
0.489653728764185 1.7767742740432686
0.4983532627036137 1.7848636824929944
0.5072274656035156 1.7927668094851872
0.5162704829380204 1.8004789496049065
0.5254762588418175 1.8079955862809183
0.534838713038703 1.8153124829917098
0.5443519229243778 1.8224257523461747
0.5540102903843209 1.8293318952538782
0.5638086736484996 1.83602780618963
0.5737424678707831 1.8425107449432112
0.5838076239219709 1.8487782796106202
0.5940006023059133 1.854828209232204
0.6043182669712744 1.8606584768177883
0.6147577308361014 1.8662670841787916
0.6253161700448269 1.8716520190085462
0.6359906267760793 1.876811202321485
0.6467778207711516 1.8817424611840678
0.6576739880228308 1.8864435281999825
0.6686747618219469 1.8909120659286214
0.6797751071679976 1.8951457116556754
0.6909693148294026 1.899142135888375
0.7022510563293634 1.902899106700576
0.713613495962938 1.9064145516373023
0.7250494507586482 1.9096866093215132
0.7365515843610192 1.912713664191045
0.7481126166174924 1.9154943598881875
0.7597255497625417 1.918028968905985
0.771383914385947 1.9203260362745214
0.7830816320160322 1.9223733343942444
0.7948133614914126 1.9241688684282405
0.8065743787787821 1.9257121387997753
0.8183605162868921 1.9270029261276285
0.8301680407204362 1.9280409795758486
0.8419934843170489 1.9288259465954993
0.8538334492087697 1.9293573798989287
0.8656844072051808 1.9296347789216157
0.8775425163184233 1.9296576517470982
0.8894034720840577 1.929425589022456
0.9012624164500616 1.9289384407560608
0.9131138846066486 1.9281962797895074
0.92396524204327 1.924359512806808
0.9348707242700572 1.9207220025506733
0.9457980196707311 1.9171480012824094
0.9567376200958101 1.9135972533801262
0.9676860395570146 1.9100582578311789
0.9786408970665916 1.9065271251577114
0.9896000346201216 1.9030021187961466
1.0005614828838347 1.89948220560152
1.0115235578483208 1.8959666369894796
1.0224849451516915 1.892454802195213
1.033444750276125 1.8889461599338722
1.0444025144741038 1.8854401990626224
1.0553581990290344 1.8819364155935225
1.0663121411282352 1.8784343023628896
1.0772649857598402 1.874933349401362
1.0882175994247072 1.8714330529953196
1.099170972600472 1.867932931069331
1.1101261185076803 1.8644325422692647
1.1210839757085893 1.8609315060896192
1.132045321463932 1.8574295215620942
1.1430107017080107 1.8539263823616328
1.1539803821271808 1.8504219866378944
1.16495432327261 1.8469163403974167
1.1759321809987464 1.8434095538107802
1.1869133318510547 1.8399018303789236
1.1978969213670774 1.8363934494496135
1.208881931645596 1.8328847431143047
1.219867263049674 1.8293760690141132
1.2308518236517332 1.8258677810054758
1.2418346191501262 1.8223601999340884
1.2528148356471238 1.8188535868887927
1.2637919080113973 1.8153481212127416
1.2747655676164158 1.8118438852177763
1.2857358650056552 1.8083408569938217
1.2967031653233185 1.80483891198061
1.307668116902516 1.801337833158448
1.3186315959056474 1.7978373289192222
1.329594632058359 1.7943370569963053
1.3405583220731117 1.790836652337966
1.3515237381944836 1.7873357565439063
1.362491839407027 1.783834046451542
1.3734633923159225 1.7803312596295318
1.3844389076862271 1.7768272148644253
1.395418597266624 1.7733218261615857
1.4064023539651533 1.769815109279988
1.4173897567852678 1.7663071803509234
1.4283801002318266 1.762798246673494
1.439372446199971 1.7592885903218138
1.450365694712491 1.7557785457249313
1.4613586683493294 1.7522684728664066
1.4723502039331438 1.7487587281589185
1.4833392441496094 1.7452496353316247
1.4943249214531276 1.7417414587723608
1.5053066269706 1.7382343816507484
1.5162840582260901 1.7347284907933969
1.5272572413159322 1.7312237697051573
1.5382265254951917 1.7277201003857787
1.5491925507205457 1.7242172737661512
1.5601561912094761 1.7207150077854863
1.5711184802130387 1.7172129714486224
1.5820805227255097 1.7137108127157938
1.5930434036476484 1.7102081878243476
1.6040080989794068 1.7067047896234766
1.6149753970378653 1.7032003726886693
1.6259458356280003 1.6996947733239551
1.6369196596996471 1.6961879230054284
1.6478968024422274 1.6926798543247343
1.6588768910976974 1.689170699024853
1.6698592770725875 1.6856606782632482
1.6808430882433192 1.6821500857760325
1.691827299722363 1.678639265136264
1.7028108178618384 1.6751285827756395
1.7137925710315554 1.6716183988347972
1.7247715998697537 1.668109038175409
1.735747139425031 1.6646007639767144
1.746718686013733 1.6610937562097283
1.7576860427595995 1.6575880969175958
1.7686493396041612 1.6540837636489165
1.7796090259018191 1.6505806316482408
1.7905658362713621 1.6470784845910562
1.8015207328481644 1.6435770328608632
1.8124748291679198 1.6400759376993734
1.8234293023885595 1.636574839089334
1.8343853013087759 1.6330733849891212
1.8453438576731618 1.629571259527905
1.8563058076628156 1.6260682079587565
1.8672717294061945 1.6225640565067267
1.8782419009666442 1.6190587256890325
1.8892162817041043 1.6155522361823489
1.9001945182623998 1.6120447068379784
1.9111759747570687 1.6085363449812158
1.9221597850703793 1.6050274296641946
1.9331449235456737 1.6015182890573143
1.944130288887772 1.5980092736388776
1.9551147948362657 1.5945007272386331
1.9660974603349743 1.5909929582602709
1.9770774916336202 1.5874862134994607
1.9880543491552816 1.5839806568467196
1.9990277930984737 1.580476354801322
2.0099979035594875 1.5769732701416423
2.020965073284371 1.5734712643545319
2.031929973719446 1.569970108608301
2.042893497506459 1.5664695022622177
2.053856682661915 1.5629690972365178
2.0648206251636845 1.5594685260929884
2.0757863874269367 1.5559674314338496
2.0867549101882403 1.5524654942151563
2.0977269347272007 1.5489624587595465
2.108702941287951 1.5454581525943818
2.119683108175833 1.5419524996847052
2.1306672944310243 1.5384455261333907
2.1416550473145084 1.5349373579533714
2.1526456341406863 1.5314282110603081
2.1636380962963013 1.5279183741753959
2.1746313216463804 1.5244081858514256
2.1856241300246078 1.520898007315198
2.19661536525894 1.5173881932172864
2.2076039863482073 1.513879062646546
2.21858915014345 1.510370872850098
2.229570278326021 1.5068637979591994
2.2405471026610573 1.5033579146422065
2.2515196843757987 1.4998531960081691
2.2624884058836123 1.4963495143272751
2.273453935666789 1.4928466523066657
2.2844171696204465 1.4893443218655065
2.2984213131988973 1.4832975440666556
2.315037712132609 1.475098205143782
2.33272467757516 1.4671381787559552
2.3509058917121104 1.4595272032649422
2.3693416036370776 1.452316970454686
2.3879303332659263 1.4455274619875957
2.4066277112615246 1.4391638508252886
2.425412118582218 1.4332255751060106
2.444270661398523 1.4277102844570966
2.463194173569267 1.4226152748356544
2.4821760253840788 1.4179379254258238
2.501212181426332 1.413675859679001
2.520301243237192 1.4098271005875882
2.5394439450501087 1.4063902555051915
2.5586420330380912 1.403362082123205
2.577896808601497 1.4007422798489877
2.5972076557887913 1.3985360467188457
2.6165709661664422 1.3967241451555417
2.635978955377874 1.3953227577279281
2.655420403725437 1.3943376152778388
2.6748814242383534 1.3937696791888523
2.6943468584210986 1.3936184476006575
2.7138019726627514 1.393882703620576
2.7332340221507114 1.3945609585887457
2.7526332973240986 1.3956518627560481
2.7719933910627566 1.3971545501021523
2.7913106299094155 1.3990688198881664
2.8105828353791225 1.4013950850716674
2.829807745994257 1.4041340828653428
2.8489814913299014 1.4072864115777235
2.868097467383247 1.41085200793264
2.8871458513084605 1.414829700086402
2.9061138503403057 1.4192169620486408
2.924986629134205 1.424009956777645
2.9437487166911587 1.429203890815639
2.9623855778577353 1.434793621219274
2.9808849767061756 1.4407743746079549
2.9992377930861895 1.4471423866954378
3.017438088611393 1.453895274496021
3.035482420474182 1.4610320191171582
3.0533686021583546 1.4685525442072354
3.071094240913785 1.476456985788185
3.0886554098318255 1.4847448284455906
3.1060457490603435 1.493414114003642
3.123256173096906 1.5024609136312517
3.1402752251521266 1.5118792024695704
3.157089987153182 1.5216611956466228
3.173687337885475 1.5317981030155485
3.190055268480224 1.5422811510082832
3.206183938976654 1.5531026310092484
3.2220662144746486 1.564256700274423
3.2376975532579833 1.575739708675047
3.253075295268441 1.5875499465429488
3.268197557062056 1.5996868655961487
3.2830620263501475 1.6121499621486377
3.297664947098201 1.6249375897464764
3.3120005128526273 1.6380459766101687
3.3260607764156114 1.6514686742852875
3.3398360685539 1.6651965759368978
3.3533158145053403 1.6792185285744412
3.3664895548431106 1.6935224333043286
3.379347929533285 1.7080966004880562
3.3918833879806787 1.7229310371634627
3.404090454716954 1.7380183330377876
3.415965500156489 1.7533539006449153
3.4275061024648146 1.7689354957850139
3.438710192278846 1.784762138596973
3.44957521249867 1.8008327071489947
3.460097496334594 1.8171445433010083
3.4702719901557013 1.8336923923536388
3.480092354045428 1.8504679166363354
3.48955138595403 1.8674599046788836
3.49864164745616 1.8846551590204106
3.507350841878061 1.9020520168934885
3.515684929009632 1.9196224967337567
3.5236386076984716 1.9373538571531375
3.5312084439298643 1.9552373593779746
3.5383922673885793 1.973267837209333
3.545188552366945 1.9914427634215441
3.5515958448645812 2.009760819256934
3.557612330678968 2.0282202414567845
3.563235622233613 2.0468173014031454
3.568462785682429 2.0655452390899485
3.5732905692379444 2.0843938729496214
3.57771574771867 2.103349969700514
3.5817354755067483 2.1223983065362066
3.5853475437929525 2.1415232063848526
3.588550468539841 2.160710201491778
3.591343388188096 2.179947421873378
3.59371653311181 2.1992263298416144
3.5956802121075073 2.218541930241386
3.597253509705343 2.2378915126651457
3.598414902590746 2.2572728652935266
3.5991604350948667 2.276683381052712
3.599488626994775 2.2961182619283695
3.599398830998084 2.315569561159534
3.59889108252646 2.3350259603445638
3.597966217653502 2.354473309476616
3.596625895075787 2.3738958177653164
3.5948724152717992 2.393277642110307
3.5927083488761347 2.41260451175241
3.590136066251543 2.4318649941444317
3.587157307217936 2.4510510803123298
3.583772931099133 2.470157942851864
3.579982940252852 2.489182943598302
3.5757867916703963 2.5081241626882633
3.571183929226655 2.5269788239866413
3.5661744087544305 2.5457419865116395
3.560759461629608 2.564405782085213
3.5549418506311774 2.582959345972273
3.548725910527784 2.6013894411791343
3.542117231197936 2.6196816357690036
3.5351220267741033 2.637821770384276
3.527746324929348 2.6557973739334013
3.51999517890497 2.673598680890602
3.5118721208750365 2.6912189944127625
3.503379022846204 2.7086543113776367
3.4945164229361487 2.7259023248343484
3.4852842480559816 2.7429610769616244
3.4756827612579664 2.759827603349797
3.465713509712972 2.776496881370526
3.455380051075012 2.7929612998252424
3.444688281583351 2.8092107414281515
3.433646267253668 2.8252332411128003
3.42226358215566 2.8410160662166835
3.4105502747241254 2.856546971824634
3.398515691626899 2.8718153359105756
3.386167452791388 2.8868128982306303
3.3735108560416887 2.9015339245149403
3.3605488860366495 2.9159747728016012
3.3472828394082836 2.930133001169542
3.3337134130021067 2.944006268986376
3.319841988536335 2.957591314401758
3.305671809895243 2.9708832434055097
3.291208782590287 2.983875270168406
3.2764617077752285 2.996558938027767
3.2614418771579445 3.008924747888462
3.2461620883274294 3.02096303770906
3.2306352776325395 3.032664902750827
3.214873080861971 3.044022934641964
3.1988846791474224 3.0550316001438347
3.1826762352300553 3.0656871758234643
3.1662510749536596 3.075987277562733
3.1496105668448444 3.085930132310947
3.1327554692411694 3.095513796217785
3.115687406401551 3.104735514514775
3.0984101203987153 3.1135913576570324
3.080915527833812 3.1220700919605453
3.063230937833063 3.1301795308432103
3.0453714093251802 3.137912771139594
3.0273524156272593 3.1452638835825137
3.009188821277625 3.152227967760835
2.990893556314339 3.158801274746693
2.9724765730909923 3.1649811787446214
2.9539444581603522 3.170765936436035
2.93530085102875 3.1761542917138623
2.916547579946254 3.181145044138791
2.8976862302051627 3.185736706399251
2.8787197637624087 3.1899273393385883
2.859653818580053 3.1937145930784183
2.840497405261399 3.197095921724344
2.8212628519857024 3.2000688932805197
2.801965002426943 3.2026306721108297
2.78261975823296 3.2047733520574866
2.7632422441632327 3.206524169030018
2.7438459950570078 3.207864817128457
2.7244411328419926 3.208790728235268
2.705034277352634 3.209301360211402
2.6856291500080314 3.209396586558833
2.6662278216126105 3.209075965731128
2.6468323209261366 3.208338714493566
2.627446212719747 3.2071839842000207
2.6115989079492254 3.203306377575502
2.5964497022654762 3.199756500915305
2.5815555171285123 3.196339810171512
2.5667343491873535 3.1929777898870295
2.5519147116645047 3.1896409570258597
2.5370737001216734 3.1863174647967174
2.5222080501734 3.183002113371352
2.5073215035871255 3.1796922662360583
2.492419088069575 3.1763863500826526
2.477505243374468 3.1730830743284977
2.462582445104422 3.1697812309431015
2.4476511926087388 3.1664796582664807
2.4327106635022573 3.163177253580354
2.417759366584269 3.159873040414034
2.4027957880041018 3.1565662513481336
2.3878189458382137 3.1532564015587132
2.3728287928794 3.1499433376850545
2.3578264310237778 3.146627252654232
2.3428141230560846 3.143308662226294
2.327795109271066 3.1399883438752343
2.3127732576888063 3.1366672434121603
2.2977525972457165 3.1333463594166937
2.282736801163535 3.1300266195957187
2.2677286988314145 3.126708765766311
2.2527298945203293 3.1233932642684996
2.2377405572071924 3.1200802556123812
2.222759418499799 3.1167695512222116
2.2077839802455017 3.1134606773875135
2.192810897928596 3.110152958747203
2.177836478446852 3.1068456275940477
2.162857216402046 3.1035379421226645
2.147870292451025 3.1002292966370284
2.132873967773073 3.0969193090742504
2.117867826009216 3.0936078750405023
2.1028528343540303 3.0902951820609204
2.087831216709786 3.086981682449324
2.0728061532917734 3.08366802796011
2.057781342498706 3.0803549741260325
2.0427604809436906 3.077043266626211
2.0277467332428274 3.073733525497749
2.012742270110687 3.0704261445367793
1.997747947482952 3.067121221940742
1.9827631793413707 3.0638185338077846
1.9677860254055806 3.0605175551408674
1.9528134785846725 3.057217524986536
1.9378419044729185 3.0539175451338334
1.9228675632294052 3.0506166969542168
1.9078871361208818 3.0473141591892987
1.8928981838581158 3.0440093105728514
1.8778994778932185 3.0407018042819725
1.8628911648022957 3.037391605405213
1.8478747446753108 3.0340789872116543
1.8328528657100875 3.030764486703043
1.817828958649564 3.0274488246630202
1.802806755742127 3.0241328000587586
1.7877897575385557 3.0208171727596453
1.772780723322856 3.017502551290256
1.7577812628179486 3.0141893027411393
1.7427915948249681 3.0108774993186804
1.727810512903474 3.007566910381404
1.7128355636824384 3.0042570411999683
1.6978634077080148 3.0009472118115266
1.6828903040627399 2.9976366630193687
1.667912643888093 2.994324673040149
1.6529274557510958 2.9910106678190473
1.6379328151156556 2.987694310088176
1.622928106800349 2.9843755559074214
1.6079141093372407 2.9810546718428883
1.5928928912736886 2.977732210596576
1.5778675309063692 2.974408947632224
1.562841692439493 2.9710857860891595
1.54781911200909 2.9677636417939324
1.5328030635862189 2.9644433238444527
1.5177958831692695 2.961125428103651
1.5027986256739565 2.957810260064635
1.487810910629614 2.9544977995149115
1.4728309823764612 2.9511877127134403
1.4578559742375479 2.947879409792399
1.44288233251846 2.944572137662326
1.4279063325421808 2.941265093465237
1.41292460904455 2.9379575414250367
1.3979346266532402 2.93464891668404
1.3829350293476106 2.9313389026170396
1.3679258264217244 2.9280274722251955
1.352908393247588 2.924714888801343
1.3378852864810606 2.921401665775953
1.3228598948750805 2.9180884904102395
1.3078359680835692 2.914776120692185
1.2928170849502947 2.9114652690128113
1.2778061362150022 2.9081564891657417
1.2628048998438348 2.9048500839310467
1.2478137768512305 2.901546048213009
1.2328317313104213 2.8982440573546726
1.217856444376559 2.8949435027634065
1.2028846561327529 2.8916435690235773
1.1879126392240908 2.888343340081222
1.1729367305490785 2.885041918182291
1.1579538435711154 2.8817385384355036
1.1429618920341607 2.8784326636958966
1.1279600718835803 2.875124048010613
1.112948967977545 2.871812761243305
1.0979304731956707 2.868499172137859
1.082907528896158 2.865183891794394
1.0678837171005686 2.8618676842583852
1.0528627553728387 2.8585513554646824
1.037847962526345 2.8552356355641297
1.0228417728908554 2.8519210717771837
1.0078453745695095 2.8486079484117983
0.9928585306165456 2.8452962470453254
0.9778796129907537 2.8419856534600205
0.9629058433242343 2.8386756100260033
0.9479337002603251 2.8353654046674275
0.9329594279946913 2.8320542820105232
0.9179795690011647 2.8287415597439907
0.9029914457584979 2.8254267336267205
0.887993528398884 2.822109557245813
0.8729856432597402 2.8187900866084687
0.857968997868086 2.815468684180909
0.8429460191521795 2.812145981676956
0.8279200231864331 2.8088228056455615
0.812894756140584 2.805500074624356
0.7978738657221591 2.80217868096195
0.7828603768911537 2.7988593736180127
0.7678562504957472 2.7955426593338046
0.7528620949896894 2.792228737699324
0.7378770788094011 2.788917480661382
0.7228990578987494 2.7856084597097475
0.7079248965446752 2.7823010159512207
0.6929509285548401 2.7789943613960135
0.6779734863140412 2.775687695462831
0.6629894198082661 2.7723803194936214
0.6479965346582511 2.7690717335952173
0.6329938935501775 2.7657617035092055
0.6179819450322404 2.7624502895351393
0.6029624646936325 2.7591378341830586
0.5879383151590196 2.755824909965059
0.572913052848589 2.7525122334914998
0.5578904302830818 2.7492005566397815
0.5428738604871746 2.745890549488571
0.5278659207529848 2.742582692071748
0.512867972259248 2.7392771918306598
0.5029591626681802 2.738813264436951
0.4991330224556716 2.738572237672409
0.49856254200512795 2.738550903247197
0.4989213521847754 2.738647081018978
0.49955359997689874 2.7387839758123067
0.5001997685288764 2.738920670128947
0.5007686370371953 2.7390406433945143
0.5012385667447967 2.7391397287365273
0.5016146770551653 2.739219010077777
0.5019106679105808 2.7392813557384477
0.5021414538853329 2.7393299096655204
0.5023204681283684 2.7393675151901413
