0.0515703929111796 -0.007865519532218705 -0.08298634244595543;
0.16469624289190962 -0.0140058602464514 0.20033166521378123;
0.21764173645699603 -0.01155810476413204 0.016224400112044374;
0.28875943872387183 -0.005910169371098869 0.08915519869860822;
0.3350449824605968 -0.008321534465747469 0.014641649006211524;
0.458897402381268 -0.0010901436463878317 0.12071956218049257;
0.49959800134047855 -0.003500904787808399 0.024343864683139177;
0.6147529913004305 -0.0015146564592331468 -0.07208580428937876;
0.6651897713203083 -0.0037177908174715157 -0.1069144287051996;
0.7711008279879101 0.013390990424351315 0.09388516999912325;
0.821485007323819 0.01087485148917259 -0.06675560011208259;
0.9431228126712409 0.019182159051459896 0.006336438160466057;
0.9925780466853856 0.024589017210578476 0.023566799855951656;
1.0761114125176003 0.028843746735448445 0.042669010510902494;
1.1585507713163092 0.024045040598734337 0.13697735245082876;
1.2461522047003202 0.02686315135942394 0.15630677259259804;
1.2997940172780222 0.03952779482115984 0.052377833167451975;
1.3765001537815336 0.03073894035679837 0.06411439306281908;
1.4602235286742373 0.028049522071271118 -0.008187391078330664;
1.4874961802830264 0.030541264535073987 0.039147359458429135;
1.4325337048975995 0.03718739249438243 0.1103997381272328;
1.493621541007378 0.04160289187382135 0.017068406023227137;
1.498782159433918 0.0491504900859458 -0.05424327734039898;
1.502189444678813 0.03241658798892604 -0.10781674793085992;
1.504373447553038 0.03020957134012467 0.1693922871182986;
1.5087563802041044 0.039005396776296275 -0.012093939041031117;
1.508617568417061 0.051756843110922074 0.010231113609522852;
1.5037902943191455 0.05424981400397899 -0.22559743097823665;
1.5062928471222787 0.046237500884624465 -0.08167950118695141;
1.5173624471327016 0.03923804663907702 -0.2988684359749343;
1.504959885361618 0.02594099910972812 -0.5557208320184645;
1.483279528076115 0.005747437437649775 -0.8728316842180176;
1.5113474857180142 0.031059629428607457 -0.9177465407215101;
1.5018776891475898 0.02649122040339366 -1.3055953933731868;
1.5058338914357687 0.037622810259624544 -1.4914551999574501;
1.5079733896604386 0.041077238389399626 -1.7791307909195269;
1.5060706454921637 0.17522774189084422 -1.3569174237325776;
1.520410099382482 0.21875240701483722 -1.4957623154145798;
1.5142738536094953 0.2741246795120932 -1.460633714036261;
1.5203105112620459 0.3842206946328621 -1.4646864689957757;
1.5231326338222655 0.4467725078086683 -1.605593541047171;
1.5162984297337503 0.4659911336931389 -1.59119569865178;
1.525473050839063 0.5848203126992868 -1.5278809542315086;
1.514315706666339 0.6511665243888181 -1.7126354606509782;
1.519562742649946 0.7416028228439836 -1.6767255152591276;
1.5281808030211927 0.8007036533623828 -1.5738044240227809;
1.529587720784445 0.8886421234583609 -1.5968093783558552;
1.5385686245849 0.9969692648976635 -1.4665527472630009;
1.5344641756224733 1.0239559532778082 -1.3125762333892383;
1.542371137574717 1.1577597469122394 -1.520368761518754;
1.558558111478684 1.2196203117465685 -1.4283858226327097;
1.5535139815951255 1.2801771131433324 -1.5595930297340728;
1.5494386800474036 1.362620020931863 -1.4991265115352304;
1.5523957986876102 1.4161231325756496 -1.7511854461688587;
1.5512352760993824 1.48037036751218 -1.5634243108333998;
1.545057456864764 1.4970411989022787 -1.8976352226093323;
1.548032968063809 1.5178571779352807 -1.9379146057576844;
1.534400681747459 1.5155583721959391 -2.234766185159624;
1.5450121787785804 1.5006515480486171 -2.2446153433415574;
1.568676721164979 1.5003282392050472 -2.757490857363359;
1.5557588676186838 1.5087227380628807 -2.797129285725545;
1.5213958120849629 1.5130249164353577 -3.1323183139281645;
1.4815368472255528 1.5159139399282884 -3.2496350161345693;
1.4352254707724617 1.515747672030665 -3.2484240083326523;
1.3104858365143364 1.5154423498614307 -3.1271138368948797;
1.2855565039267134 1.5205345185561847 -3.287206386117759;
1.220509600651879 1.5236396413723452 -3.2948446226558117;
1.1127818381199872 1.5182559301790908 -3.101009792914037;
1.0464192067253593 1.4989023872802356 -3.0366659217706085;
0.968528856641248 1.4972894529929943 -3.2538902784120847;
0.8709163618737983 1.5033969967087832 -2.988774186812417;
0.8425587905144049 1.5070513490666286 -3.275350464699711;
0.7444482269831492 1.5129015237692454 -3.0012206438528715;
0.6509296391816748 1.5225220708571643 -3.045268883501452;
0.5885652109381805 1.5197302487006703 -3.32939839639006;
0.5117832404077403 1.5250453612606647 -3.1035655299162506;
0.4239090167558204 1.5258501001140001 -3.1954147216577815;
0.3733687552717035 1.5209423876217103 -3.1028577091264813;
0.27322825046927024 1.5239821216462897 -3.1783956773266575;
0.2131555913197422 1.5136630332143377 -3.1546617505701997;
0.14060003666151671 1.513450158281986 -3.0992407302884706;
0.06859591880251087 1.5058193956876527 -3.3410789715516684;
0.0695836998763441 1.5020795371887201 -3.2093910929701313;
0.07446194368205769 1.4996714555994184 -3.542195760090933;
0.0691416830210342 1.4943598257594888 -3.8080267840491975;
0.06174460586356087 1.5004816680966362 -4.08170778886052;
0.06668358306878161 1.4813885136254366 -4.278957579657456;
0.07340714296756595 1.4885332551703485 -4.580763840342978;
0.06739130740660489 1.5040581413928753 -4.539944057040046;
0.05603731051650529 1.422891496942233 -4.7552846769797625;
0.045098885847972905 1.3952212993358055 -4.939927091904083;
0.044843426796302814 1.2819643318139005 -4.694308752009698;
0.052989184875640805 1.1894271380968284 -4.718807985253632;
0.04771725408379856 1.1421016644777324 -4.788696120045664;
0.05058961818396356 1.049599990239735 -4.67979543236447;
0.05922264934910301 0.9795990712182457 -4.911367548334963;
0.06655137607020054 0.8923636429185942 -4.874188839942512;
0.07291289718981185 0.8321377673788133 -4.858250246494384;
0.0787607425334902 0.7475670302857744 -4.775828799142164;
0.07427955749721767 0.6984287243423445 -4.665116702943273;
0.06991057511138465 0.6137484111997471 -4.703513719853356;
0.06755057513099919 0.5074255347308518 -4.740442714661198;
0.08669625311759023 0.44254007892407277 -4.879331894240505;
0.0870881025070061 0.3675829921759633 -4.72365162451781;
0.08496752386449076 0.29692279967183044 -4.790778241331307;
0.08978711492993481 0.2257724760065784 -4.736414536726005;
0.08143149880223836 0.10879132687899726 -4.781991400727051;
0.07615451693241583 0.05971717845587109 -4.73177884180299;
0.07628593879015243 0.010229429103958729 -4.85906534078565;
0.08502367354945606 -0.0034578357296783206 -4.919612108726924;
0.09287435476366587 -0.005146784811042979 -5.36987205918403;
0.08086807323636318 0.01739518103298096 -5.333174977968985;
0.08355148119545602 0.006718916495496772 -5.706223776445942;
